{
  "cells": [
    {
      "cell_type": "markdown",
      "metadata": {
        "id": "UYl9_BR6X-5J"
      },
      "source": [
        "## Prerequisites"
      ]
    },
    {
      "cell_type": "markdown",
      "metadata": {
        "id": "iRs5NRVjixfu"
      },
      "source": [
        "### Import libraries"
      ]
    },
    {
      "cell_type": "code",
      "execution_count": 5,
      "metadata": {
        "id": "pDFuCcbfGwB8"
      },
      "outputs": [],
      "source": [
        "# Import libraries\n",
        "\n",
        "import matplotlib.pyplot as plt\n",
        "import numpy as np\n",
        "import pandas as pd\n",
        "import sklearn\n",
        "import plotly\n",
        "import plotly.express as px\n",
        "from plotly.subplots import make_subplots\n",
        "import plotly.graph_objects as go\n",
        "import seaborn as sns\n",
        "from sklearn.model_selection import train_test_split\n",
        "# from google.colab import output\n",
        "\n",
        "from pandas import DatetimeIndex as dt\n",
        "from sklearn.preprocessing import StandardScaler, RobustScaler, MinMaxScaler\n",
        "# from google.colab import files\n",
        "import IPython\n",
        "from IPython.display import HTML, display, clear_output \n",
        "# from google.colab import drive\n",
        "import sys\n",
        "\n",
        "# hyper-parameters optimisation\n",
        "from sklearn.model_selection import GridSearchCV\n",
        "from sklearn.model_selection import RandomizedSearchCV\n",
        "\n",
        "# metrics\n",
        "from sklearn.metrics import matthews_corrcoef as mcc\n",
        "from sklearn.metrics import f1_score as f1\n",
        "from sklearn.metrics import accuracy_score as accuracy\n",
        "from sklearn.metrics import precision_score as TP_rate                          \n",
        "from sklearn.metrics import roc_auc_score as roc_auc\n",
        "from sklearn.metrics import precision_recall_curve\n",
        "from sklearn.metrics import auc\n",
        "from sklearn.metrics import confusion_matrix\n",
        "from sklearn.metrics import recall_score as recall\n",
        "from sklearn.metrics import average_precision_score\n",
        "from sklearn.inspection import permutation_importance\n",
        "from sklearn.metrics import make_scorer,fbeta_score\n",
        "from sklearn.model_selection import StratifiedKFold\n",
        "\n",
        "\n",
        "# classifiers\n",
        "from sklearn.ensemble import RandomForestClassifier\n",
        "# BaggingClassifier, AdaBoostRegressor, RandomForestRegressor, GradientBoostingClassifier, StackingClassifier, VotingClassifier #\n",
        "# from sklearn.tree import DecisionTreeClassifier     #\n",
        "from sklearn.svm import SVC                                    # both linear and radial classification\n",
        "from sklearn.neighbors import KNeighborsClassifier             # k=3\n",
        "# from sklearn.naive_bayes import GaussianNB\n",
        "# from sklearn.neural_network import MLPClassifier\n",
        "# from sklearn.linear_model import LinearRegression\n",
        "from sklearn.linear_model import LogisticRegression, LogisticRegressionCV\n",
        "import catboost\n",
        "from catboost import CatBoostClassifier\n",
        "# from imblearn.over_sampling import SMOTE\n",
        "# from sklearn.ensemble import AdaBoostClassifier\n",
        "# from sklearn.tree import DecisionTreeClassifier\n",
        "# from mlxtend.classifier import StackingClassifier\n",
        "\n",
        "# statistics\n",
        "# from scipy.stats import shapiro\n",
        "# from scipy.stats import chi2_contingency\n",
        "# from scipy.stats import mannwhitneyu\n",
        "\n",
        "# imputations\n",
        "# explicitly require this experimental feature\n",
        "# from sklearn.experimental import enable_iterative_imputer  # noqa\n",
        "# # now you can import normally from sklearn.impute\n",
        "# from sklearn.impute import SimpleImputer, KNNImputer, IterativeImputer\n",
        "from sklearn.model_selection import cross_val_score\n",
        "from sklearn.pipeline import make_pipeline\n",
        "from sklearn.base import clone\n",
        "\n",
        "# feature selection\n",
        "# from sklearn.feature_selection import chi2, mutual_info_classif, f_classif, SelectKBest, RFE, RFECV, SequentialFeatureSelector\n",
        "# from mlxtend.feature_selection import SequentialFeatureSelector as SFS\n",
        "# from scipy.stats import kendalltau, spearmanr\n",
        "# from sklearn.linear_model import Lasso\n",
        "from sklearn.model_selection import StratifiedKFold\n",
        "# from mrmr import mrmr_classif\n",
        "# from yellowbrick.features import RFECV as RFECV_visual\n",
        "# import shap\n",
        "\n",
        "# from tqdm.auto import tqdm\n",
        "\n",
        "# # to conver string to dict\n",
        "import ast\n",
        "\n",
        "# Interpretability\n",
        "#  # !pip install interpret\n",
        "# from interpret.blackbox import LimeTabular\n",
        "# from interpret import set_visualize_provider\n",
        "# from interpret.provider import InlineProvider\n",
        "# set_visualize_provider(InlineProvider())\n",
        "# from interpret import show\n",
        "\n",
        "# import lime\n",
        "# import lime.lime_tabular\n",
        "# from __future__ import print_function\n",
        "import pickle\n",
        "\n",
        "# ignore warnings when graphs are plotted\n",
        "import warnings\n",
        "warnings.filterwarnings('ignore')"
      ]
    },
    {
      "attachments": {},
      "cell_type": "markdown",
      "metadata": {},
      "source": [
        "## Preselected features and preprocessed data"
      ]
    },
    {
      "cell_type": "code",
      "execution_count": 6,
      "metadata": {},
      "outputs": [],
      "source": [
        "clinical_features = list(map(tuple, pd.read_excel('../Raw data/Clinical features.xlsx', index_col=0, header=0).values))\n",
        "\n",
        "biomarkers_a = list(map(tuple, pd.read_excel('../Raw data/biomarkers_a.xlsx', index_col=0, header=0).values.tolist()))\n",
        "biomarkers_b = list(map(tuple, pd.read_excel('../Raw data/biomarkers_b.xlsx', index_col=0, header=0).values.tolist()))\n",
        "biomarkers_c = list(map(tuple, pd.read_excel('../Raw data/biomarkers_c.xlsx', index_col=0, header=0).values.tolist()))\n",
        "targets = list(map(tuple, pd.read_excel('../Raw data/targets_features.xlsx', index_col=0, header=0).values.tolist()))\n",
        "\n",
        "continuous = list(map(tuple, pd.read_excel('../Raw data/continuous_features.xlsx', index_col=0, header=0).values.tolist()))\n",
        "# all biomarkers were continuous except 'БСЖК' in data_b\n",
        "\n",
        "categorical = list(map(tuple, pd.read_excel('../Raw data/categorical_features.xlsx', index_col=0, header=0).values.tolist()))\n",
        "# include 'БСЖК' biomarkers from data_b"
      ]
    },
    {
      "cell_type": "code",
      "execution_count": 16,
      "metadata": {},
      "outputs": [],
      "source": [
        "# importing preprocessed data\n",
        "test_a = pd.read_excel('../Preprocessed data/Combined target/Imputed data/test_a.xlsx', index_col=0, header=[0])\n",
        "train_a = pd.read_excel('../Preprocessed data/Combined target/Imputed data/train_a.xlsx', index_col=0, header=[0])\n",
        "test_b = pd.read_excel('../Preprocessed data/Combined target/Imputed data/test_b.xlsx', index_col=0, header=[0])\n",
        "train_b = pd.read_excel('../Preprocessed data/Combined target/Imputed data/train_b.xlsx', index_col=0, header=[0])\n",
        "test_c = pd.read_excel('../Preprocessed data/Combined target/Imputed data/test_c.xlsx', index_col=0, header=[0])\n",
        "train_c = pd.read_excel('../Preprocessed data/Combined target/Imputed data/train_c.xlsx', index_col=0, header=[0])\n",
        "test_d = pd.read_excel('../Preprocessed data/Combined target/Imputed data/test_d.xlsx', index_col=0, header=[0])\n",
        "train_d = pd.read_excel('../Preprocessed data/Combined target/Imputed data/train_d.xlsx', index_col=0, header=[0])\n",
        "test_abcd = pd.read_excel('../Preprocessed data/Combined target/Imputed data/test_abcd.xlsx', index_col=0, header=[0])\n",
        "train_abcd = pd.read_excel('../Preprocessed data/Combined target/Imputed data/train_abcd.xlsx', index_col=0, header=[0])"
      ]
    },
    {
      "attachments": {},
      "cell_type": "markdown",
      "metadata": {
        "id": "2JVY3GdXH9uP"
      },
      "source": [
        "### Define $MCC$ metric"
      ]
    },
    {
      "attachments": {},
      "cell_type": "markdown",
      "metadata": {
        "id": "R1s2EVPZ02vG"
      },
      "source": [
        "# Statistics"
      ]
    },
    {
      "cell_type": "code",
      "execution_count": 30,
      "metadata": {},
      "outputs": [],
      "source": [
        "data = pd.concat([train_abcd[list(map(str, continuous))], test_abcd[list(map(str, continuous))]])"
      ]
    },
    {
      "cell_type": "code",
      "execution_count": 71,
      "metadata": {},
      "outputs": [],
      "source": [
        "def visual_correlation_matrix(column_names, data, title='Pearson correlation matrix'):\n",
        "    fig = go.Figure(data=[go.Heatmap(\n",
        "                                    z=data, \n",
        "                                    x=column_names, \n",
        "                                    y=column_names, \n",
        "                                    texttemplate=\"%{text}\",\n",
        "                                    text=list(map(lambda x: list(map(lambda x: x.round(3) if x> 0.5 else '', x)),data.values))\n",
        "                                    )])\n",
        "    fig.update_layout(\n",
        "                      title={'text': title, 'y':0.99, 'x':0.5, 'xanchor': 'center', 'yanchor': 'top'},\n",
        "                      autosize=False,\n",
        "                      width=1100, \n",
        "                      height=500,\n",
        "                      margin=dict(l=15, r=50, b=15, t=40),\n",
        "                      xaxis=dict(visible=True),\n",
        "                      yaxis=dict(visible=True),\n",
        "                      hoverlabel=dict(\n",
        "                                      bgcolor=\"white\",\n",
        "                                      font_size=12,\n",
        "                                      font_family=\"Rockwell\",\n",
        "\n",
        "                                      )\n",
        "                      )\n",
        "    fig.update_xaxes()\n",
        "    fig.update_yaxes()\n",
        "    fig.show()"
      ]
    },
    {
      "cell_type": "code",
      "execution_count": 58,
      "metadata": {},
      "outputs": [],
      "source": [
        "correlation_matrix = data.corr( method='pearson').abs()\n",
        "correlation_matrix  = pd.DataFrame(correlation_matrix)\n",
        "# correlation_matrix.style.background_gradient(cmap='coolwarm').set_precision(3)"
      ]
    },
    {
      "cell_type": "code",
      "execution_count": 72,
      "metadata": {},
      "outputs": [
        {
          "data": {
            "application/vnd.plotly.v1+json": {
              "config": {
                "plotlyServerURL": "https://plot.ly"
              },
              "data": [
                {
                  "text": [
                    [
                      1,
                      "",
                      "",
                      "",
                      0.627,
                      "",
                      "",
                      "",
                      "",
                      "",
                      "",
                      "",
                      "",
                      "",
                      "",
                      "",
                      "",
                      ""
                    ],
                    [
                      "",
                      1,
                      "",
                      "",
                      "",
                      "",
                      "",
                      "",
                      "",
                      "",
                      "",
                      "",
                      "",
                      "",
                      "",
                      "",
                      "",
                      ""
                    ],
                    [
                      "",
                      "",
                      1,
                      "",
                      "",
                      "",
                      "",
                      "",
                      "",
                      "",
                      "",
                      "",
                      "",
                      "",
                      "",
                      "",
                      "",
                      ""
                    ],
                    [
                      "",
                      "",
                      "",
                      1,
                      "",
                      "",
                      "",
                      "",
                      "",
                      "",
                      "",
                      "",
                      "",
                      "",
                      "",
                      "",
                      "",
                      ""
                    ],
                    [
                      0.627,
                      "",
                      "",
                      "",
                      1,
                      "",
                      "",
                      "",
                      "",
                      "",
                      "",
                      "",
                      "",
                      "",
                      "",
                      "",
                      "",
                      ""
                    ],
                    [
                      "",
                      "",
                      "",
                      "",
                      "",
                      1,
                      "",
                      "",
                      "",
                      "",
                      "",
                      "",
                      "",
                      "",
                      "",
                      "",
                      "",
                      ""
                    ],
                    [
                      "",
                      "",
                      "",
                      "",
                      "",
                      "",
                      1,
                      "",
                      "",
                      "",
                      "",
                      "",
                      "",
                      "",
                      "",
                      "",
                      "",
                      ""
                    ],
                    [
                      "",
                      "",
                      "",
                      "",
                      "",
                      "",
                      "",
                      1,
                      "",
                      "",
                      "",
                      "",
                      "",
                      "",
                      "",
                      "",
                      "",
                      ""
                    ],
                    [
                      "",
                      "",
                      "",
                      "",
                      "",
                      "",
                      "",
                      "",
                      1,
                      "",
                      "",
                      "",
                      "",
                      "",
                      "",
                      "",
                      "",
                      ""
                    ],
                    [
                      "",
                      "",
                      "",
                      "",
                      "",
                      "",
                      "",
                      "",
                      "",
                      1,
                      "",
                      "",
                      "",
                      "",
                      "",
                      "",
                      "",
                      ""
                    ],
                    [
                      "",
                      "",
                      "",
                      "",
                      "",
                      "",
                      "",
                      "",
                      "",
                      "",
                      1,
                      0.561,
                      "",
                      "",
                      "",
                      "",
                      "",
                      ""
                    ],
                    [
                      "",
                      "",
                      "",
                      "",
                      "",
                      "",
                      "",
                      "",
                      "",
                      "",
                      0.561,
                      1,
                      "",
                      "",
                      "",
                      "",
                      "",
                      ""
                    ],
                    [
                      "",
                      "",
                      "",
                      "",
                      "",
                      "",
                      "",
                      "",
                      "",
                      "",
                      "",
                      "",
                      1,
                      0.838,
                      "",
                      0.502,
                      "",
                      ""
                    ],
                    [
                      "",
                      "",
                      "",
                      "",
                      "",
                      "",
                      "",
                      "",
                      "",
                      "",
                      "",
                      "",
                      0.838,
                      1,
                      0.754,
                      "",
                      "",
                      ""
                    ],
                    [
                      "",
                      "",
                      "",
                      "",
                      "",
                      "",
                      "",
                      "",
                      "",
                      "",
                      "",
                      "",
                      "",
                      0.754,
                      1,
                      "",
                      "",
                      ""
                    ],
                    [
                      "",
                      "",
                      "",
                      "",
                      "",
                      "",
                      "",
                      "",
                      "",
                      "",
                      "",
                      "",
                      0.502,
                      "",
                      "",
                      1,
                      "",
                      ""
                    ],
                    [
                      "",
                      "",
                      "",
                      "",
                      "",
                      "",
                      "",
                      "",
                      "",
                      "",
                      "",
                      "",
                      "",
                      "",
                      "",
                      "",
                      1,
                      ""
                    ],
                    [
                      "",
                      "",
                      "",
                      "",
                      "",
                      "",
                      "",
                      "",
                      "",
                      "",
                      "",
                      "",
                      "",
                      "",
                      "",
                      "",
                      "",
                      1
                    ]
                  ],
                  "texttemplate": "%{text}",
                  "type": "heatmap",
                  "x": [
                    "Возраст",
                    "ИМТ",
                    "систол. АД",
                    "ЧСС",
                    "Риск GRACE, баллы",
                    "TnT-ПО, нг/л",
                    "Хсобщ, ммоль/л",
                    "ТГц, ммоль/л",
                    "Гемоглобин, г/л",
                    "Глюкоза, ммоль/л",
                    "Креатинин, мкмоль/л",
                    "СКФ EPI",
                    "иКДО ЛЖ",
                    "иКСО ЛЖ",
                    "ФВ ЛЖ",
                    "иММ ЛЖ",
                    "ЛП",
                    "ИНЛС ЛЖ"
                  ],
                  "y": [
                    "Возраст",
                    "ИМТ",
                    "систол. АД",
                    "ЧСС",
                    "Риск GRACE, баллы",
                    "TnT-ПО, нг/л",
                    "Хсобщ, ммоль/л",
                    "ТГц, ммоль/л",
                    "Гемоглобин, г/л",
                    "Глюкоза, ммоль/л",
                    "Креатинин, мкмоль/л",
                    "СКФ EPI",
                    "иКДО ЛЖ",
                    "иКСО ЛЖ",
                    "ФВ ЛЖ",
                    "иММ ЛЖ",
                    "ЛП",
                    "ИНЛС ЛЖ"
                  ],
                  "z": [
                    [
                      1,
                      0.029792189116964345,
                      0.10200803162739269,
                      0.0295427112755923,
                      0.6270358564002592,
                      0.04866242005807954,
                      0.16999212240133074,
                      0.1917549359047016,
                      0.2823038925502128,
                      0.07983697618229513,
                      0.040661364073456364,
                      0.48188423012763854,
                      0.10425847100133442,
                      0.10687076770580624,
                      0.0830483940246697,
                      0.1966384255178565,
                      0.08254116466290301,
                      0.019803279806265246
                    ],
                    [
                      0.029792189116964345,
                      1,
                      0.023875874497356515,
                      0.02311490094930255,
                      0.02159760936155727,
                      0.016201013114054093,
                      0.07330473599244018,
                      0.1385947029747827,
                      0.02760705597885946,
                      0.0005581913573505104,
                      0.037124461423040586,
                      0.010483937037873122,
                      0.07364335039873031,
                      0.0593500555776032,
                      0.01468789225584462,
                      0.017563615173321973,
                      0.03274408602270195,
                      0.013074169143443224
                    ],
                    [
                      0.10200803162739269,
                      0.023875874497356515,
                      1,
                      0.1947672494688083,
                      0.24605885940378736,
                      0.09878045961398602,
                      0.06923381609920819,
                      0.0010147387910143207,
                      0.0008959838557688099,
                      0.10661686090144779,
                      0.0013338001254903959,
                      0.053515307574616686,
                      0.004645335544202278,
                      0.006031057027533278,
                      0.023702980033389113,
                      0.12502963703059058,
                      0.005253972029933303,
                      0.025480704690619665
                    ],
                    [
                      0.0295427112755923,
                      0.02311490094930255,
                      0.1947672494688083,
                      1,
                      0.14522313709594517,
                      0.11499119083028361,
                      0.03450088374870142,
                      0.11843285919160111,
                      0.051969481387280254,
                      0.06825609802949059,
                      0.08749140722710357,
                      0.08434841695670175,
                      0.09593866820034029,
                      0.17962176730106555,
                      0.19309331926080162,
                      0.13096808816225528,
                      0.015734236731446957,
                      0.043416836701625945
                    ],
                    [
                      0.6270358564002592,
                      0.02159760936155727,
                      0.24605885940378736,
                      0.14522313709594517,
                      1,
                      0.11935794104275103,
                      0.11961502014562261,
                      0.0801611393656796,
                      0.23678825393081265,
                      0.07109500228244639,
                      0.16136092900900134,
                      0.45970699415088145,
                      0.1336778688512012,
                      0.16237699253390467,
                      0.1289147547696202,
                      0.1346459132006604,
                      0.06545277647082988,
                      0.002878407065538984
                    ],
                    [
                      0.04866242005807954,
                      0.016201013114054093,
                      0.09878045961398602,
                      0.11499119083028361,
                      0.11935794104275103,
                      1,
                      0.06725632364662584,
                      0.057312077660118546,
                      0.06074149251290759,
                      0.010833086857189532,
                      0.039025392950514666,
                      0.022506017777077343,
                      0.015144393636026843,
                      0.06422133813565266,
                      0.12189740300143385,
                      0.04104639738775074,
                      0.0106721627399231,
                      0.07493805621313028
                    ],
                    [
                      0.16999212240133074,
                      0.07330473599244018,
                      0.06923381609920819,
                      0.03450088374870142,
                      0.11961502014562261,
                      0.06725632364662584,
                      1,
                      0.33441857660161006,
                      0.2666482382636627,
                      0.010467610870872134,
                      0.17381233653302006,
                      0.1353149603730822,
                      0.17596262663806583,
                      0.15252919205473459,
                      0.0813388592827135,
                      0.09488495492005918,
                      0.002511574175858452,
                      0.056787999884218114
                    ],
                    [
                      0.1917549359047016,
                      0.1385947029747827,
                      0.0010147387910143207,
                      0.11843285919160111,
                      0.0801611393656796,
                      0.057312077660118546,
                      0.33441857660161006,
                      1,
                      0.16952604197680923,
                      0.0696298845639236,
                      0.04091799800728027,
                      0.005796226320494556,
                      0.08260650685028355,
                      0.06433340725855027,
                      0.026305465985554218,
                      0.04016695437870771,
                      0.005753570809318994,
                      0.1463931285475712
                    ],
                    [
                      0.2823038925502128,
                      0.02760705597885946,
                      0.0008959838557688099,
                      0.051969481387280254,
                      0.23678825393081265,
                      0.06074149251290759,
                      0.2666482382636627,
                      0.16952604197680923,
                      1,
                      0.009392746351331931,
                      0.13773729449143046,
                      0.19443928084944367,
                      0.17806704280001684,
                      0.06326666435317901,
                      0.06621468453227065,
                      0.20710855467387299,
                      0.0007488504987840317,
                      0.15731976122833766
                    ],
                    [
                      0.07983697618229513,
                      0.0005581913573505104,
                      0.10661686090144779,
                      0.06825609802949059,
                      0.07109500228244639,
                      0.010833086857189532,
                      0.010467610870872134,
                      0.0696298845639236,
                      0.009392746351331931,
                      1,
                      0.04951896740042794,
                      0.1058661643761291,
                      0.04454832831579659,
                      0.01660367940415,
                      0.02412989963173444,
                      0.029414604669585006,
                      0.0026395125082935428,
                      0.00548005007478411
                    ],
                    [
                      0.040661364073456364,
                      0.037124461423040586,
                      0.0013338001254903959,
                      0.08749140722710357,
                      0.16136092900900134,
                      0.039025392950514666,
                      0.17381233653302006,
                      0.04091799800728027,
                      0.13773729449143046,
                      0.04951896740042794,
                      1,
                      0.5607212515695208,
                      0.07321634362368819,
                      0.11897498436575563,
                      0.11671321721132571,
                      0.04909681266154011,
                      0.0543556225414375,
                      0.02777611890221483
                    ],
                    [
                      0.48188423012763854,
                      0.010483937037873122,
                      0.053515307574616686,
                      0.08434841695670175,
                      0.45970699415088145,
                      0.022506017777077343,
                      0.1353149603730822,
                      0.005796226320494556,
                      0.19443928084944367,
                      0.1058661643761291,
                      0.5607212515695208,
                      1,
                      0.09542824305119553,
                      0.14664348271065633,
                      0.13509511198057816,
                      0.14734175254014875,
                      0.05769306890477485,
                      0.0011726110709874107
                    ],
                    [
                      0.10425847100133442,
                      0.07364335039873031,
                      0.004645335544202278,
                      0.09593866820034029,
                      0.1336778688512012,
                      0.015144393636026843,
                      0.17596262663806583,
                      0.08260650685028355,
                      0.17806704280001684,
                      0.04454832831579659,
                      0.07321634362368819,
                      0.09542824305119553,
                      1,
                      0.8382623906134067,
                      0.2959981157189581,
                      0.5022291858830071,
                      0.017311503585853726,
                      0.07031768439181701
                    ],
                    [
                      0.10687076770580624,
                      0.0593500555776032,
                      0.006031057027533278,
                      0.17962176730106555,
                      0.16237699253390467,
                      0.06422133813565266,
                      0.15252919205473459,
                      0.06433340725855027,
                      0.06326666435317901,
                      0.01660367940415,
                      0.11897498436575563,
                      0.14664348271065633,
                      0.8382623906134067,
                      1,
                      0.7543115243749233,
                      0.4653718436084429,
                      0.0481599009922552,
                      0.2473545523092046
                    ],
                    [
                      0.0830483940246697,
                      0.01468789225584462,
                      0.023702980033389113,
                      0.19309331926080162,
                      0.1289147547696202,
                      0.12189740300143385,
                      0.0813388592827135,
                      0.026305465985554218,
                      0.06621468453227065,
                      0.02412989963173444,
                      0.11671321721132571,
                      0.13509511198057816,
                      0.2959981157189581,
                      0.7543115243749233,
                      1,
                      0.238092325615847,
                      0.05078387279199636,
                      0.35557832110540855
                    ],
                    [
                      0.1966384255178565,
                      0.017563615173321973,
                      0.12502963703059058,
                      0.13096808816225528,
                      0.1346459132006604,
                      0.04104639738775074,
                      0.09488495492005918,
                      0.04016695437870771,
                      0.20710855467387299,
                      0.029414604669585006,
                      0.04909681266154011,
                      0.14734175254014875,
                      0.5022291858830071,
                      0.4653718436084429,
                      0.238092325615847,
                      1,
                      0.02409669265043442,
                      0.01680194226836612
                    ],
                    [
                      0.08254116466290301,
                      0.03274408602270195,
                      0.005253972029933303,
                      0.015734236731446957,
                      0.06545277647082988,
                      0.0106721627399231,
                      0.002511574175858452,
                      0.005753570809318994,
                      0.0007488504987840317,
                      0.0026395125082935428,
                      0.0543556225414375,
                      0.05769306890477485,
                      0.017311503585853726,
                      0.0481599009922552,
                      0.05078387279199636,
                      0.02409669265043442,
                      1,
                      0.06448488305613007
                    ],
                    [
                      0.019803279806265246,
                      0.013074169143443224,
                      0.025480704690619665,
                      0.043416836701625945,
                      0.002878407065538984,
                      0.07493805621313028,
                      0.056787999884218114,
                      0.1463931285475712,
                      0.15731976122833766,
                      0.00548005007478411,
                      0.02777611890221483,
                      0.0011726110709874107,
                      0.07031768439181701,
                      0.2473545523092046,
                      0.35557832110540855,
                      0.01680194226836612,
                      0.06448488305613007,
                      1
                    ]
                  ]
                }
              ],
              "layout": {
                "autosize": false,
                "height": 500,
                "hoverlabel": {
                  "bgcolor": "white",
                  "font": {
                    "family": "Rockwell",
                    "size": 12
                  }
                },
                "margin": {
                  "b": 15,
                  "l": 15,
                  "r": 50,
                  "t": 40
                },
                "template": {
                  "data": {
                    "bar": [
                      {
                        "error_x": {
                          "color": "#2a3f5f"
                        },
                        "error_y": {
                          "color": "#2a3f5f"
                        },
                        "marker": {
                          "line": {
                            "color": "#E5ECF6",
                            "width": 0.5
                          },
                          "pattern": {
                            "fillmode": "overlay",
                            "size": 10,
                            "solidity": 0.2
                          }
                        },
                        "type": "bar"
                      }
                    ],
                    "barpolar": [
                      {
                        "marker": {
                          "line": {
                            "color": "#E5ECF6",
                            "width": 0.5
                          },
                          "pattern": {
                            "fillmode": "overlay",
                            "size": 10,
                            "solidity": 0.2
                          }
                        },
                        "type": "barpolar"
                      }
                    ],
                    "carpet": [
                      {
                        "aaxis": {
                          "endlinecolor": "#2a3f5f",
                          "gridcolor": "white",
                          "linecolor": "white",
                          "minorgridcolor": "white",
                          "startlinecolor": "#2a3f5f"
                        },
                        "baxis": {
                          "endlinecolor": "#2a3f5f",
                          "gridcolor": "white",
                          "linecolor": "white",
                          "minorgridcolor": "white",
                          "startlinecolor": "#2a3f5f"
                        },
                        "type": "carpet"
                      }
                    ],
                    "choropleth": [
                      {
                        "colorbar": {
                          "outlinewidth": 0,
                          "ticks": ""
                        },
                        "type": "choropleth"
                      }
                    ],
                    "contour": [
                      {
                        "colorbar": {
                          "outlinewidth": 0,
                          "ticks": ""
                        },
                        "colorscale": [
                          [
                            0,
                            "#0d0887"
                          ],
